0.1 0.0 1.0 0.0 0.08
0.2 0.0 1.0 0.0 0.08
0.3 0.0 1.0 0.0 0.08
0.4 0.0 1.0 0.0 0.08
0.5 0.0 1.0 0.0 0.08
0.6 0.0 1.0 0.0 0.08
0.7 0.0 1.0 0.0 0.08
0.8 0.0 1.0 0.0 0.08
0.9 0.0 1.0 0.0 0.08
1.0 0.0 1.0 0.0 0.08
1.1 0.0 1.0 0.0 0.08
1.2 0.0 1.0 0.0 0.08
1.3 0.0 1.0 0.0 0.08
1.4 0.0 1.0 0.0 0.08
1.5 0.0 1.0 0.0 0.08
1.6 0.0 1.0 0.0 0.08
1.7 0.0 1.0 0.0 0.08
1.8 0.0 1.0 0.0 0.08
1.9 0.0 1.0 0.0 0.08
2.0 0.0 1.0 0.0 0.08
2.0 0.0 0.9 0.0 0.08
2.0 0.0 0.8 0.0 0.08
2.0 0.0 0.7 0.0 0.08
2.0 0.0 0.6 0.0 0.08
2.0 0.0 0.5 0.0 0.08
1.9 0.0 0.5 0.0 0.08
1.8 0.0 0.5 0.0 0.08
1.7 0.0 0.5 0.0 0.08
1.6 0.0 0.5 0.0 0.08
1.5 0.0 0.5 0.0 0.08
1.4 0.0 0.5 0.0 0.08
1.3 0.0 0.5 0.0 0.08
1.2 0.0 0.5 0.0 0.08
1.1 0.0 0.5 0.0 0.08
1.0 0.0 0.5 0.0 0.08
0.9 0.0 0.5 0.0 0.08
0.8 0.0 0.5 0.0 0.08
0.7 0.0 0.5 0.0 0.08
0.6 0.0 0.5 0.0 0.08
0.5 0.0 0.5 0.0 0.08
0.4 0.0 0.5 0.0 0.08
0.3 0.0 0.5 0.0 0.08
0.2 0.0 0.5 0.0 0.08
0.1 0.0 0.5 0.0 0.08
0.0 0.0 0.5 0.0 0.08
0.0 0.0 0.6 0.0 0.08
0.0 0.0 0.7 0.0 0.08
0.0 0.0 0.8 0.0 0.08
0.0 0.0 0.9 0.0 0.08
0.0 0.0 1.0 0.0 1.0